M = [4  -2  -4  7; 1  5  -3  2; 6  -8  -5  -6; -7  3  0  1]

M(3,1)
M(2,3)


M(7)
M(10)

M([1 6 11 16])

M(1,1:3)
M(1:3,3)
M(2:4,3)
M(2:3,3:4)

M(:,1)
M(3,:)